300.074936829292	0.562026219687044	0
300.00148671709	0.587849644724907	0
299.781196033494	0.665240531121521	0
299.414243801034	0.793961150475163	0
298.900928600363	0.973616742461474	0
298.241668878265	1.20365767623768	0
297.437003365742	1.48338243850194	0
296.487591593406	1.81194141104166	0
295.394214488301	2.18834139103152	0
294.157775033467	2.61145079852947	0
292.779298969261	3.08000550771315	0
291.259935513563	3.59261523152734	0
289.60095807667	4.14777038369331	0
287.803764945858	4.74384933755144	0
285.869879914386	5.37912599805281	0
283.800952829983	6.05177760142829	0
281.598760038729	6.75989265668321	0
279.265204701582	7.50147894409545	0
276.802316962604	8.27447148831906	0
274.212253950164	9.07674042747826	0
271.497299594934	9.90609870470855	0
268.659864251329	10.7603095148846	0
265.702484112019	11.6370934466541	0
262.627820408255	12.5341352682528	0
259.438658391849	13.4490903147555	0
256.137906097663	14.3795904442693	0
252.728592888338	15.3232495409116	0
249.213867785593	16.2776685530648	0
245.596997594731	17.2404400661541	0
241.881364830883	18.2091524198706	0
238.070465457021	19.1813933901482	0
234.167906444748	20.1547534661111	0
230.177403169406	21.1268287614404	0
226.102776650992	22.0952236079936	0
221.947950651904	23.0575528868646	0
217.716948641506	24.0114441582565	0
213.413890636074	24.9545396564139	0
209.042989920837	25.8844982193098	0
204.608549658649	26.7989972247319	0
200.114959387396	27.6957346047812	0
195.566691405636	28.5724310095704	0
190.968297043293	29.426832188072	0
186.324402811537	30.2567116496474	0
181.63970642347	31.059873663845	0
176.918972674868	31.8341566486674	0
172.167029172243	32.5774369887931	0
167.388761893861	33.28763331533	0
162.589110568206	33.9627112677482	0
157.773063853832	34.6006887468611	0
152.945654304528	35.1996416553164	0
148.111953104408	35.7577101092245	0
143.27706455888	36.273105091534	0
138.446120329425	36.7441155047977	0
133.62427340278	37.1691155682877	0
128.816691788416	37.546572492272	0
124.028551942004	37.8750543508743	0
119.247572093517	38.1529822443992	0
114.40024253668	38.3657513955264	0
109.587078367817	38.5050361226543	0
104.813872285905	38.5704207109665	0
100.086402361796	38.5617201995541	0
95.4104190950463	38.4789843809554	0
90.7916321156074	38.3225006999459	0
86.2356966266534	38.0927959463435	0
81.7481996934077	37.7906366456185	0
77.33464648975	37.4170280620262	0
73.0004466193764	36.9732117416483	0
68.7509006312431	36.4606615369285	0
64.5911868498161	35.8810780697816	0
60.5263486392297	35.2363816069107	0
56.5612822168268	34.5287033383017	0
52.7007251257512	33.7603750677254	0
48.9492454683969	32.9339173421886	0
45.3112319927293	32.0520260653632	0
41.7908851119648	31.1175576578421	0
38.3922089250596	30.1335128443614	0
35.1190042911631	29.1030191646693	0
31.9748629959221	28.0293123202976	0
28.9631630315798	26.9157164839134	0
26.0870649965035	25.7656237110243	0
23.3495096034214	24.5824726054398	0
20.7532162695611	23.3697263999311	0
18.3006827463695	22.130850621883	0
15.9941857318479	20.8692905203247	0
13.835782395032	19.5884484355058	0
11.827312730031	18.2916612951231	0
9.97040264653619	16.9821784223932	0
8.26646769500393	15.6631398404134	0
6.7167173179634	14.3375552546927	0
5.32215951421432	13.0082838914012	0
4.08360580013692	11.678015362852	0
3.00167635197641	10.3492517240509	0
2.07680521478175	9.02429087493256	0
1.30924546763274	7.70521145222098	0
0.69907424079921	6.39385934283161	0
0.246197488425187	5.09183593747851	0
-0.0496455699326456	3.80048822878524	0
-0.188878414241644	2.5209008428552	0
-0.172083657998138	1.25389007707123	0
0	0	0
0.323120943042614	-1.22369212517128	0
0.792875472676312	-2.40025343635435	0
1.40806879800727	-3.52957246386472	0
2.16735866233621	-4.61155189619826	0
3.0692591562825	-5.64610947032842	0
4.11214535355525	-6.63317973733174	0
5.29425871959614	-7.57271666452561	0
6.61371322911672	-8.46469702316399	0
8.06850211551387	-9.30912449921918	0
9.65650516350205	-10.1060344539944	0
11.3754964462641	-10.8554992513849	0
13.2231524001743	-11.5576340596424	0
15.1970601238429	-12.2126030276084	0
17.2947257839826	-12.8206257286586	0
19.5135830084909	-13.3819837601419	0
21.8510011472166	-13.8970273819749	0
24.3042932831374	-14.3661820753462	0
26.8707238810845	-14.7899549012488	0
29.5475159676287	-15.1689405388399	0
32.3318577441789	-15.5038268854636	0
35.220908545584	-15.7954001035734	0
38.2118040683845	-16.0445490047679	0
41.3016608061105	-16.252268667677	0
44.4875796434193	-16.4196631944805	0
47.7666485761388	-16.5479475203446	0
51.1359445401311	-16.6384482009414	0
54.5925343480176	-16.6926031153853	0
58.1334747488921	-16.7119600352353	0
61.7558116418732	-16.6981740245485	0
65.4565784894108	-16.6530036511411	0
69.2327939903508	-16.5783060050438	0
73.0814590856062	-16.4760305364127	0
76.9995533806236	-16.3482117416483	0
80.9840310784452	-16.1969607429464	0
85.03181652486	-16.0244558227007	0
89.1397994727807	-15.8329319898411	0
93.304830176454	-15.6246696700555	0
97.5237144273922	-15.4019826256569	0
101.793208642977	-15.1672052233655	0
106.110015115613	-14.922679179233	0
110.470777525173	-14.670739919148	0
114.872076810492	-14.4137027006052	0
119.310427486926	-14.15384864657	0
123.876994757916	-13.8866279932121	0
128.488856729598	-13.6020321236626	0
133.124266626917	-13.3016126782359	0
137.778892613539	-12.9871250534492	0
142.448360693997	-12.6602929646	0
147.12825774515	-12.3227991637992	0
151.814134845915	-11.9762768943553	0
156.501510893291	-11.6223021642436	0
161.185876488831	-11.2623869078235	0
165.862698076443	-10.8979730906251	0
170.527422309742	-10.5304277971609	0
175.175480625211	-10.1610393265644	0
179.802293996087	-9.79101430567898	0
184.403277841291	-9.42147581425253	0
188.973847063718	-9.05346250238075	0
193.509421192847	-8.68792866651031	0
198.005429607831	-8.32574523737414	0
202.457316818912	-7.96770162137978	0
206.860547787101	-7.61450832637802	0
211.210613264492	-7.26680029354912	0
215.503035140226	-6.92514084948115	0
219.7333717799	-6.59002618646486	0
223.897223349008	-6.26189027466025	0
227.990237113745	-5.94111010712894	0
232.008112715085	-5.62801117777573	0
235.946607414339	-5.3228730929777	0
239.801541310416	-5.02593522003804	0
243.568802530625	-4.73740227950766	0
247.244352397992	-4.45744979375603	0
250.824230578802	-4.18622931081926	0
254.304560214233	-3.92387333035467	0
257.681553039672	-3.67049986732047	0
260.951514494471	-3.42621659859957	0
264.110848823675	-3.19112454800506	0
267.156064171507	-2.96532127574841	0
270.083777664383	-2.74890354931791	0
272.890720478786	-2.5419694836094	0
275.57374288675	-2.34462014887598	0
278.129819268911	-2.15696065543431	0
280.556053082207	-1.97910073390263	0
282.849681766494	-1.81115483888776	0
285.0080815716	-1.65324181233462	0
287.028772283763	-1.50548415007466	0
288.909421828152	-1.36800692134271	0
290.647850722209	-1.24093639609154	0
292.242036353023	-1.12439843874493	0
293.690117050882	-1.01851672955264	0
294.990395930606	-0.9234108759221	0
296.141344472216	-0.839194475999553	0
297.14160581307	-0.765973195387248	0
297.989997724653	-0.703842915254856	0
298.685515248876	-0.652888006303085	0
299.227332970892	-0.613179778151621	0
299.614806908072	-0.584775147857374	0
299.847475997866	-0.56771556454518	0
299.925063170708	-0.562026219687044	0
